Initial board
3	1	4	1	1
4	1	2	1	5
4	3	4	0	3
2	5	5	2	0
4	1	2	5	5
-------------------------
1.0	Life step
4	0	3	0	2
3	0	1	0	4
3	2	3	0	4
1	4	4	1	0
5	0	1	4	5
-------------------------
2.0	Life step
3	0	2	0	1
4	0	2	0	4
2	1	2	0	4
0	3	3	0	1
4	0	2	3	5
-------------------------
3.0	Life step
2	0	1	0	0
5	0	3	0	3
3	0	3	0	4
1	2	2	0	2
4	0	3	2	5
-------------------------
4.0	Life step
1	0	0	0	0
5	0	2	0	2
4	0	4	0	4
2	1	1	0	3
4	0	4	1	5
-------------------------
5.0	Life step
0	0	0	0	0
4	0	1	0	1
5	0	5	0	4
3	0	2	0	4
3	0	4	0	4
-------------------------
6.0	Life step
0	0	0	0	0
3	0	0	1	1
5	0	5	0	5
3	0	2	0	4
2	0	3	0	3
-------------------------
7.0	Life step
0	0	0	0	0
2	1	1	0	0
5	0	5	0	4
3	0	2	0	4
1	0	2	0	2
-------------------------
8.0	Life step
0	1	1	0	0
3	0	2	0	0
5	0	5	0	3
3	0	2	0	4
0	1	2	0	1
-------------------------
9.0	Life step
0	2	1	0	0
3	0	3	0	0
5	0	5	0	2
3	0	3	0	4
0	2	2	0	0
-------------------------
10.0	Life step
0	3	1	0	0
3	0	4	0	0
5	0	5	0	1
3	0	4	0	3
0	3	2	1	0
-------------------------
11.0	Life step
0	4	1	0	0
3	0	5	0	0
5	0	5	0	0
3	0	3	0	2
0	4	3	2	0
-------------------------
12.0	Life step
0	5	1	0	0
3	0	5	1	0
5	0	5	0	0
3	0	2	0	1
0	5	4	3	0
-------------------------
13.0	Life step
0	5	2	1	0
3	0	4	0	0
5	0	5	0	0
3	0	1	0	0
0	5	5	3	0
-------------------------
14.0	Life step
0	5	3	1	0
3	0	3	0	0
5	0	5	1	0
3	0	0	0	0
0	5	5	2	0
-------------------------
15.0	Life step
0	5	4	1	0
3	0	2	0	0
5	0	5	1	0
3	0	0	0	0
0	5	5	1	0
-------------------------
14.235502063016753	Lowered states
0	2	4	1	0
3	0	1	0	0
5	0	5	1	0
2	0	0	0	0
0	2	3	0	0
-------------------------
15.0	Life step
0	3	5	1	0
3	0	0	0	0
5	0	4	0	0
2	0	1	1	0
0	3	4	1	0
-------------------------
14.864366338645372	Lowered states
0	2	3	0	0
2	0	0	0	0
5	0	4	0	0
2	0	1	1	0
0	3	4	0	0
-------------------------
15.0	Life step
0	2	2	0	0
2	0	1	1	0
5	0	3	0	0
2	0	0	1	0
0	3	4	0	0
-------------------------
16.0	Life step
0	3	3	1	0
2	0	0	2	0
5	0	3	1	1
2	0	0	0	0
0	3	3	0	0
-------------------------
17.0	Life step
0	3	4	1	0
2	0	0	1	0
5	0	3	2	1
2	0	0	0	0
0	3	2	0	0
-------------------------
18.0	Life step
0	3	5	1	0
2	0	0	0	1
5	0	2	3	1
2	0	0	0	0
0	3	1	0	0
-------------------------
19.0	Life step
0	3	5	1	0
2	0	0	0	2
5	0	1	4	1
2	0	0	0	0
0	3	0	0	0
-------------------------
20.0	Life step
0	3	5	1	0
2	0	0	0	3
5	0	0	4	1
2	1	1	1	1
1	2	0	1	1
-------------------------
21.0	Life step
0	3	5	1	0
2	0	0	0	4
5	0	0	3	0
1	0	0	0	2
1	2	0	1	1
-------------------------
20.52010630419146	Lowered states
0	1	5	0	0
0	0	0	0	3
4	0	0	3	0
1	0	0	0	0
0	2	0	0	1
-------------------------
21.0	Life step
0	0	4	0	0
0	0	0	1	3
3	0	0	3	1
1	1	1	0	1
1	1	1	0	0
-------------------------
22.0	Life step
0	0	3	1	1
0	0	0	0	2
3	0	1	2	2
0	0	0	0	1
0	0	0	0	0
-------------------------
23.0	Life step
0	0	2	2	1
0	1	0	0	1
2	1	2	1	3
0	1	0	0	1
0	0	0	0	0
-------------------------
24.0	Life step
0	0	2	3	1
1	0	0	0	0
3	0	2	2	3
0	1	1	0	1
0	0	0	0	0
-------------------------
25.0	Life step
0	0	1	3	0
0	1	0	0	1
3	0	1	1	4
0	2	2	0	1
0	0	0	0	0
-------------------------
24.56856549093705	Lowered states
0	0	1	0	0
0	0	0	0	1
3	0	0	1	3
0	2	1	0	1
0	0	0	0	0
-------------------------
25.0	Life step
0	0	0	0	0
0	0	0	1	2
2	1	0	0	4
1	1	1	1	1
0	1	0	1	1
-------------------------
26.0	Life step
0	0	0	0	0
0	0	0	1	2
3	0	0	0	3
2	0	2	0	2
0	1	1	0	0
-------------------------
27.0	Life step
0	0	0	0	0
0	0	0	1	2
2	1	1	0	4
3	0	1	0	1
0	2	1	1	0
-------------------------
26.731498992031632	Lowered states
0	0	0	0	0
0	0	0	1	0
2	1	0	0	2
3	0	1	0	1
0	1	1	0	0
-------------------------
27.0	Life step
0	0	0	0	0
0	0	0	0	0
2	2	0	1	2
4	0	0	0	1
0	1	0	0	0
-------------------------
28.0	Life step
0	0	0	0	0
0	0	0	0	0
2	2	0	1	2
5	0	1	0	1
0	1	0	0	0
-------------------------
29.0	Life step
0	0	0	0	0
0	0	0	0	0
2	3	1	0	1
5	0	2	0	0
0	1	0	0	0
-------------------------
30.0	Life step
0	0	0	0	0
0	1	1	1	0
3	2	0	0	0
5	0	2	0	0
0	1	0	0	0
-------------------------
31.0	Life step
0	0	1	1	0
1	0	0	1	0
4	1	1	1	0
5	0	1	1	0
0	1	1	1	0
-------------------------
32.0	Life step
0	0	1	1	0
1	0	0	0	0
5	0	2	2	0
5	0	0	0	0
0	1	1	0	0
-------------------------
33.0	Life step
0	0	0	0	0
0	0	0	0	0
4	1	2	1	0
5	0	0	1	0
0	1	1	0	0
-------------------------
34.0	Life step
0	0	0	0	0
0	1	0	0	0
5	0	3	1	0
5	0	0	2	0
0	1	1	0	0
-------------------------
35.0	Life step
0	0	0	0	0
0	1	1	1	0
5	0	2	0	0
5	0	0	2	0
0	1	1	0	0
-------------------------
34.92462405316353	Lowered states
0	0	0	0	0
0	1	0	0	0
5	0	2	0	0
4	0	0	2	0
0	0	1	0	0
-------------------------
35.0	Life step
0	0	0	0	0
0	1	0	0	0
5	0	2	0	0
3	0	1	3	0
0	1	2	1	0
-------------------------
36.0	Life step
0	0	0	0	0
0	1	0	0	0
5	0	3	1	0
3	0	0	2	1
0	1	3	2	1
-------------------------

Process finished with exit code 0
